0.599 	0.005840008	5.84001E-06	5.84001E-09
0.600 	-0.005840008	0	        5.84001E-09
0.601 	-0.005840008	-5.84001E-06	0
0.602 	0.005840008	0	        0
0.603 	0.017520024	1.752E-05	1.752E-08
0.604 	0.017520024	3.504E-05	5.25601E-08
0.605 	0	        3.504E-05	8.76001E-08
0.606 	0.058400076	9.34401E-05	1.8104E-07
0.607 	-0.005840008	8.76001E-05	2.6864E-07
0.608 	0.017520024	0.00010512	3.7376E-07
0.609 	-0.005840008	9.92801E-05	4.73041E-07
0.610 	0.011680015	0.00011096	5.84001E-07
0.611 	0	        0.00011096	6.94961E-07
0.612 	-0.017520024	9.34401E-05	7.88401E-07
0.613 	-0.052560071	4.08801E-05	8.29281E-07
0.614 	-0.093440123	-5.25601E-05	7.76721E-07
0.615 	-0.122640169	-0.0001752	6.01521E-07
0.616 	-0.099280125	-0.00027448	3.2704E-07
0.617 	-0.011680015	-0.00028616	4.088E-08
0.618 	0.075920099	-0.00021024	-1.6936E-07
0.619 	0.105120141	-0.00010512	-2.7448E-07
0.620 	0.116800153	1.168E-05	-2.628E-07
0.621 	0.093440123	0.00010512	-1.5768E-07
0.622 	0.029200038	0.00013432	-2.33601E-08
0.623 	-0.070080094	6.42401E-05	4.088E-08
0.624 	-0.081760103	-1.752E-05	2.336E-08
0.625 	-0.105120141	-0.00012264	-9.92802E-08
0.626 	-0.064240085	-0.00018688	-2.8616E-07
0.627 	0.011680015	-0.0001752	-4.61361E-07
0.628 	0.116800153	-5.84001E-05	-5.19761E-07
0.629 	0.146000194	8.76001E-05	-4.32161E-07
0.630 	0.157680216	0.00024528	-1.8688E-07
0.631 	0.122640169	0.00036792	1.8104E-07
0.632 	0.075920099	0.000443841	6.24881E-07
0.633 	0.005840008	0.000449681	1.07456E-06
0.634 	-0.070080094	0.000379601	1.45416E-06
0.635 	-0.064240085	0.00031536	1.76952E-06
0.636 	-0.093440123	0.00022192	1.99144E-06
0.637 	-0.046720061	0.0001752	2.16664E-06
0.638 	0.064240085	0.00023944	2.40608E-06
0.639 	0.140160188	0.000379601	2.78568E-06
0.640 	-0.023360031	0.00035624	3.14192E-06
0.641 	-0.035040047	0.0003212	3.46312E-06
0.642 	0.192720263	0.000513921	3.97705E-06
0.643 	0.379600501	0.000893521	4.87057E-06
0.644 	0.251120325	0.001144642	6.01521E-06
0.645 	-0.216080278	0.000928561	6.94377E-06
0.646 	-0.367920479	0.000560641	7.50441E-06
0.647 	0.169360219	0.000730001	8.23441E-06
0.648 	0.513920673	0.001243922	9.47833E-06
0.649 	0.379600501	0.001623522	1.11019E-05
0.650 	0.1518402	0.001775362	1.28772E-05
0.651 	0.140160188	0.001915523	1.47927E-05
0.652 	0.134320172	0.002049843	1.68426E-05
0.653 	-0.093440123	0.001956403	1.8799E-05
0.654 	-0.385440517	0.001570962	2.03699E-05
0.655 	-0.531440682	0.001039521	2.14095E-05
0.656 	-0.327040416	0.000712481	2.21219E-05
0.657 	0.058400076	0.000770881	2.28928E-05
0.658 	0.303680391	0.001074561	2.39674E-05
0.659 	0.432160557	0.001506722	2.54741E-05
0.660 	0.531440682	0.002038163	2.75123E-05
0.661 	0.402960526	0.002441123	2.99534E-05
0.662 	0.233600297	0.002674724	3.26281E-05
0.663 	0.087600118	0.002762324	3.53904E-05
0.664 	0.122640169	0.002884964	3.82754E-05
0.665 	0.934401208	0.003819365	4.20948E-05
0.666 	1.41912183	0.005238487	4.73333E-05
0.667 	0.986961234	0.006225448	5.35587E-05
0.668 	0.905201206	0.007130649	6.06894E-05
0.669 	0.951921246	0.008082571	6.87719E-05
0.670 	1.354881752	0.009437452	7.82094E-05
0.671 	2.575443332	0.012012896	9.02223E-05
0.672 	3.31128427	0.01532418	0.000105546
0.673 	5.098326422	0.020422506	0.000125969
0.674 	8.392091036	0.028814597	0.000154784
0.675 	10.61713478	0.039431732	0.000194215
0.676 	13.02905786	0.05246079	0.000246676
0.677 	16.07754092	0.068538331	0.000315214
0.678 	17.2981025	0.085836433	0.000401051
0.679 	17.06450284	0.102900936	0.000503952
0.680 	15.43514112	0.118336077	0.000622288
0.681 	12.50929722	0.130845375	0.000753133
0.682 	9.612652812	0.140458027	0.000893591
0.683 	7.422649458	0.147880677	0.001041472
0.684 	6.74520868	0.154625886	0.001196098
0.685 	7.259129304	0.161885015	0.001357983
0.686 	7.866490184	0.169751505	0.001527734
0.687 	8.339530794	0.178091036	0.001705825
0.688 	8.90601166	0.186997047	0.001892822
0.689 	9.86377252	0.19686082	0.002089683
0.690 	11.04345438	0.207904274	0.002297588
0.691 	12.14137582	0.22004565	0.002517633
0.692 	12.2056158	0.232251266	0.002749884
0.693 	10.60545416	0.24285672	0.002992741
0.694 	8.462170934	0.251318891	0.00324406
0.695 	6.529128382	0.257848019	0.003501908
0.696 	5.553847278	0.263401867	0.00376531
0.697 	5.46040712	0.268862274	0.004034172
0.698 	5.734887676	0.274597162	0.004308769
0.699 	6.2488083	0.28084597	0.004589615
0.700 	6.762728924	0.287608699	0.004877224
0.701 	7.551129614	0.295159828	0.005172384
0.702 	8.246090636	0.303405919	0.00547579
0.703 	8.251930652	0.31165785	0.005787448
0.704 	8.392091036	0.320049941	0.006107498
0.705 	8.368730678	0.328418671	0.006435916
0.706 	8.123450496	0.336542122	0.006772458
0.707 	8.216890752	0.344759013	0.007117217
0.708 	7.913210312	0.352672223	0.00746989
0.709 	7.305849432	0.359978072	0.007829868
0.710 	6.920408964	0.366898481	0.008196766
0.711 	6.429848698	0.37332833	0.008570094
0.712 	6.120328144	0.379448658	0.008949543
0.713 	6.342248556	0.385790907	0.009335334
0.714 	6.1378478	0.391928755	0.009727263
0.715 	5.939287844	0.397868042	0.010125131
0.716 	5.986007874	0.40385405	0.010528985
0.717 	5.886727602	0.409740778	0.010938726
0.718 	6.353928098	0.416094706	0.01135482
0.719 	7.066409364	0.423161115	0.011777982
0.720 	7.481049716	0.430642165	0.012208624
0.721 	7.878170412	0.438520335	0.012647144
0.722 	8.059210712	0.446579546	0.013093724
0.723 	8.543930962	0.455123477	0.013548847
0.724 	8.351211022	0.463474688	0.014012322
0.725 	7.229929518	0.470704618	0.014483026
0.726 	6.885369064	0.477589987	0.014960616
0.727 	7.054729234	0.484644716	0.015445261
0.728 	6.99048945	0.491635205	0.015936896
0.729 	6.949608848	0.498584814	0.016435481
0.730 	7.124809132	0.505709623	0.016941191
0.731 	7.615369986	0.513324993	0.017454516
0.732 	8.333690778	0.521658684	0.017976174
0.733 	8.555611092	0.530214295	0.018506389
0.734 	8.339530794	0.538553826	0.019044942
0.735 	8.46801095	0.547021837	0.019591964
0.736 	8.724971262	0.555746808	0.020147711
0.737 	9.215532214	0.56496234	0.020712673
0.738 	9.746972494	0.574709313	0.021287383
0.739 	9.81705298	0.584526366	0.021871909
0.740 	9.793692622	0.594320059	0.022466229
0.741 	9.758652722	0.604078711	0.023070308
0.742 	9.67105258	0.613749764	0.023684058
0.743 	9.466652412	0.623216416	0.024307274
0.744 	9.3556925	0.632572109	0.024939846
0.745 	9.87545314	0.642447562	0.025582294
0.746 	10.93833468	0.653385897	0.02623568
0.747 	11.84937502	0.665235272	0.026900915
0.748 	12.32241612	0.677557688	0.027578473
0.749 	12.73705706	0.690294745	0.028268767
0.750 	13.1867379	0.703481483	0.028972249
0.751 	13.72401898	0.717205502	0.029689454
0.752 	13.91673794	0.73112224	0.030420577
0.753 	13.62473812	0.744746978	0.031165324
0.754 	13.53713788	0.758284116	0.031923608
0.755 	13.78825798	0.772072374	0.03269568
0.756 	14.13865894	0.786211033	0.033481891
0.757 	14.34889834	0.800559931	0.034282451
0.758 	14.02769844	0.814587629	0.035097039
0.759 	13.40865694	0.827996286	0.035925035
0.760 	12.56185658	0.840558143	0.036765593
0.761 	11.87857608	0.852436719	0.03761803
0.762 	11.53985476	0.863976574	0.038482006
0.763 	11.25369476	0.875230268	0.039357237
0.764 	10.80401392	0.886034282	0.040243271
0.765 	10.45361394	0.896487896	0.041139759
0.766 	10.21417348	0.90670207	0.042046461
0.767 	10.0331322	0.916735202	0.042963196
0.768 	9.764492738	0.926499695	0.043889696
0.769 	9.425772398	0.935925467	0.044825621
0.770 	9.192171856	0.945117639	0.045770739
0.771 	9.1746522	0.954292291	0.046725031
0.772 	9.05201206	0.963344303	0.047688375
0.773 	8.783371618	0.972127675	0.048660503
0.774 	8.57897145	0.980706646	0.04964121
0.775 	8.42129092	0.989127937	0.050630338
0.776 	8.281131124	0.997409068	0.051627747
0.777 	8.29865078	1.005707719	0.052633455
0.778 	8.345370908	1.01405309	0.053647508
0.779 	8.485531292	1.022538621	0.054670046
0.780 	8.608171334	1.031146793	0.055701193
0.781 	8.812571404	1.039959364	0.056741152
0.782 	9.016971572	1.048976336	0.057790129
0.783 	9.092892074	1.058069228	0.058848198
0.784 	9.0636917	1.067132919	0.059915331
0.785 	9.046172044	1.076179091	0.06099151
0.786 	9.011132046	1.085190223	0.0620767
0.787 	8.958571902	1.094148795	0.063170849
0.788 	8.923531904	1.103072327	0.064273921
0.789 	8.964411918	1.112036739	0.065385958
0.790 	9.022811686	1.121059551	0.066507018
0.791 	9.005291932	1.130064843	0.067637082
0.792 	8.865131646	1.138929974	0.068776012
0.793 	8.713291132	1.147643266	0.069923656
0.794 	8.573131336	1.156216397	0.071079872
0.795 	8.479691178	1.164696088	0.072244568
0.796 	8.46801095	1.173164099	0.073417732
0.797 	8.316171024	1.18148027	0.074599213
0.798 	8.339530794	1.189819801	0.075789032
0.799 	8.485531292	1.198305332	0.076987338
0.800 	8.625691578	1.206931024	0.078194269
0.801 	8.666571592	1.215597595	0.079409866
0.802 	8.56729132	1.224164887	0.080634031
0.803 	8.485531292	1.232650418	0.081866682
0.804 	8.561451206	1.241211869	0.083107893
0.805 	8.77169139	1.249983561	0.084357877
0.806 	8.92937143	1.258912932	0.08561679
0.807 	9.022811686	1.267935744	0.086884726
0.808 	9.092892074	1.277028636	0.088161754
0.809 	9.308972372	1.286337608	0.089448092
0.810 	9.653532826	1.295991141	0.090744083
0.811 	9.9688932	1.305960034	0.092050043
0.812 	10.260894	1.316220928	0.093366264
0.813 	10.58793372	1.326808862	0.094693073
0.814 	10.82737418	1.337636236	0.096030709
0.815 	10.89161416	1.34852785	0.097379237
0.816 	10.8740947	1.359401945	0.098738639
0.817 	10.93249486	1.37033444	0.100108973
0.818 	10.97921342	1.381313653	0.101490287
0.819 	10.99089404	1.392304547	0.102882592
0.820 	10.88577336	1.403190321	0.104285782
0.821 	10.73977394	1.413930095	0.105699712
0.822 	10.6229746	1.424553069	0.107124265
0.823 	10.53537436	1.435088443	0.108559354
0.824 	10.4010536	1.445489497	0.110004843
0.825 	10.29593292	1.45578543	0.111460628
0.826 	10.1440927	1.465929523	0.112926558
0.827 	10.04481282	1.475974336	0.114402532
0.828 	9.87545314	1.485849789	0.115888382
0.829 	9.723612724	1.495573401	0.117383955
0.830 	9.641852696	1.505215254	0.118889171
0.831 	9.653532826	1.514868787	0.12040404
0.832 	9.752812608	1.5246216	0.121928661
0.833 	9.84041324	1.534462013	0.123463123
0.834 	9.770332852	1.544232346	0.125007355
0.835 	9.659372352	1.553891718	0.126561247
0.836 	9.542572424	1.56343429	0.128124681
0.837 	9.449132168	1.572883423	0.129697565
0.838 	9.396572514	1.582279995	0.131279845
0.839 	9.338172256	1.591618167	0.132871463
0.840 	9.238891984	1.600857059	0.13447232
0.841 	9.157131858	1.610014191	0.136082334
0.842 	9.104571714	1.619118763	0.137701453
0.843 	9.046172044	1.628164935	0.139329618
0.844 	9.05201206	1.637216947	0.140966835
0.845 	9.092892074	1.646309839	0.142613145
0.846 	9.145451728	1.655455291	0.1442686
0.847 	9.279771998	1.664735063	0.145933335
0.848 	9.314811898	1.674049875	0.147607385
0.849 	9.326492126	1.683376367	0.149290761
0.850 	9.3556925	1.692732059	0.150983493
0.851 	9.425772398	1.702157832	0.152685651
0.852 	9.530892196	1.711688724	0.15439734
0.853 	9.600972682	1.721289697	0.15611863
0.854 	9.676892596	1.730966589	0.157849596
0.855 	9.71777261	1.740684362	0.159590281
0.856 	9.793692622	1.750478054	0.161340759
0.857 	9.799532736	1.760277587	0.163101036
0.858 	9.793692622	1.77007128	0.164871108
0.859 	9.793692622	1.779864972	0.166650973
0.860 	9.782012982	1.789646985	0.16844062
0.861 	9.81121316	1.799458199	0.170240078
0.862 	9.799532736	1.809257731	0.172049335
0.863 	9.776172966	1.819033904	0.173868369
0.864 	9.758652722	1.828792557	0.175697162
0.865 	9.653532826	1.83844609	0.177535608
0.866 	9.630172468	1.848076262	0.179383684
0.867 	9.641852696	1.857718115	0.181241402
0.868 	9.600972682	1.867319088	0.183108721
0.869 	9.54841244	1.8768675	0.184985589
0.870 	9.490012182	1.886357512	0.186871947
0.871 	9.454972282	1.895812485	0.188767759
0.872 	9.443292642	1.905255777	0.190673015
0.873 	9.443292642	1.91469907	0.192587714
0.874 	9.460812298	1.924159882	0.194511874
0.875 	9.501692312	1.933661574	0.196445535
0.876 	9.484172656	1.943145747	0.198388681
0.877 	9.443292642	1.95258904	0.20034127
0.878 	9.227212344	1.961816252	0.202303086
0.879 	6.365608326	1.96818186	0.204271268
0.880 	2.429443128	1.970611304	0.20624188
0.881 	6.61088841	1.977222192	0.208219102
0.882 	12.87721666	1.990099409	0.210209201
0.883 	11.71505524	2.001814464	0.212211016
0.884 	7.662090114	2.009476554	0.214220492
0.885 	4.958166626	2.014434721	0.216234927
0.886 	4.5143259	2.018949046	0.218253876
0.887 	5.349447208	2.024298494	0.220278174
0.888 	3.217844112	2.027516338	0.222305691
0.889 	-0.268640344	2.027247697	0.224332938
0.890 	-3.91864515	2.023329052	0.226356267
0.891 	-6.2488083	2.017080244	0.228373348
0.892 	-7.685449884	2.009394794	0.230382743
0.893 	-7.697130014	2.001697664	0.23238444
0.894 	-6.318888198	1.995378776	0.234379819
0.895 	-4.502645966	1.99087613	0.236370695
0.896 	-3.912805134	1.986963325	0.238357658
0.897 	-3.025123878	1.983938201	0.240341597
0.898 	-3.217844112	1.980720357	0.242322317
0.899 	-4.082165304	1.976638192	0.244298955
0.900 	-4.099685254	1.972538506	0.246271494
0.901 	-3.299604434	1.969238902	0.248240733
0.902 	-2.055682692	1.967183219	0.250207916
0.903 	-0.846801144	1.966336418	0.252174252
0.904 	0.052560071	1.966388978	0.254140641
0.905 	0.204400266	1.966593378	0.256107235
0.906 	0.560640752	1.967154019	0.258074389
0.907 	0.607360792	1.96776138	0.26004215
0.908 	0.402960526	1.96816434	0.262010314
0.909 	-0.402960526	1.96776138	0.263978076
0.910 	-1.64688216	1.966114498	0.26594419
0.911 	-2.27176299	1.963842735	0.267908033
0.912 	-3.11272402	1.960730011	0.269868763
0.913 	-5.553847278	1.955176163	0.271823939
0.914 	-7.440169702	1.947735994	0.273771675
0.915 	-10.5120141	1.93722398	0.275708899
0.916 	-13.437858	1.923786122	0.277632685
0.917 	-14.97377966	1.908812342	0.279541498
0.918 	-16.69074162	1.8921216	0.281433619
0.919 	-18.54786416	1.873573736	0.283307193
0.920 	-20.9481076	1.852625629	0.285159818
0.921 	-22.77018926	1.829855439	0.286989674
0.922 	-24.21267086	1.805642768	0.288795317
0.923 	-24.39371214	1.781249056	0.290576566
0.924 	-23.26659062	1.757982466	0.292334548
0.925 	-21.00066794	1.736981798	0.29407153
0.926 	-18.61794494	1.718363853	0.295789894
0.927 	-16.85426148	1.701509591	0.297491403
0.928 	-15.32418062	1.686185411	0.299177589
0.929 	-13.72401898	1.672461392	0.30085005
0.930 	-12.19393518	1.660267457	0.302510318
0.931 	-11.10185454	1.649165602	0.304159483
0.932 	-10.31345336	1.638852149	0.305798335
0.933 	-9.64769281	1.629204456	0.30742754
0.934 	-9.624332452	1.619580123	0.30904712
0.935 	-10.51785392	1.609062269	0.310656182
0.936 	-12.58521684	1.596477053	0.312252659
0.937 	-14.47153946	1.582005513	0.313834665
0.938 	-15.76218084	1.566243332	0.315400908
0.939 	-16.19434124	1.550048991	0.316950957
0.940 	-16.614822	1.533434169	0.318484391
0.941 	-17.3740231	1.516060146	0.320000452
0.942 	-18.29090326	1.497769243	0.321498221
0.943 	-19.4647453	1.478304497	0.322976525
0.944 	-20.70866812	1.457595829	0.324434121
0.945 	-21.09994782	1.436495881	0.325870617
0.946 	-21.42698852	1.415068893	0.327285686
0.947 	-20.37578662	1.394693106	0.328680379
0.948 	-19.34210516	1.375351001	0.33005573
0.949 	-18.19746418	1.357153537	0.331412884
0.950 	-16.94186172	1.340211675	0.332753095
0.951 	-15.79721976	1.324414456	0.33407751
0.952 	-15.20737932	1.309207076	0.335386717
0.953 	-14.63505932	1.294572017	0.336681289
0.954 	-14.41313832	1.280158879	0.337961448
0.955 	-14.4481792	1.265710699	0.339227158
0.956 	-14.65841958	1.25105228	0.340478211
0.957 	-14.804419	1.236247861	0.341714458
0.958 	-14.93873878	1.221309122	0.342935768
0.959 	-15.37090016	1.205938222	0.344141706
0.960 	-15.86146072	1.190076761	0.345331783
0.961 	-16.15346054	1.173923301	0.346505706
0.962 	-16.52722176	1.157396079	0.347663102
0.963 	-16.98858322	1.140407496	0.348803509
0.964 	-17.4849836	1.122922512	0.349926432
0.965 	-17.92298382	1.104999528	0.351031431
0.966 	-18.2792246	1.086720304	0.352118152
0.967 	-18.40770358	1.0683126	0.353186464
0.968 	-18.489464	1.049823136	0.354236288
0.969 	-18.58290406	1.031240232	0.355267528
0.970 	-18.50114462	1.012739087	0.356280267
0.971 	-17.58426348	0.995154824	0.357275422
0.972 	-16.96522198	0.978189602	0.358253611
0.973 	-16.49802168	0.96169158	0.359215303
0.974 	-15.91402106	0.945777559	0.36016108
0.975 	-15.16650058	0.930611059	0.361091691
0.976 	-14.40145966	0.916209599	0.362007901
0.977 	-14.29049916	0.9019191	0.36290982
0.978 	-14.31969924	0.8875994	0.36379742
0.979 	-14.32553906	0.873273861	0.364670693
0.980 	-14.29633898	0.858977522	0.365529671
0.981 	-14.01601782	0.844961505	0.366374632
0.982 	-13.90505732	0.831056447	0.367205689
0.983 	-13.91089812	0.817145549	0.368022834
0.984 	-13.91089812	0.803234651	0.368826069
0.985 	-14.17953866	0.789055112	0.369615124
0.986 	-14.24377766	0.774811335	0.370389936
0.987 	-14.1561784	0.760655156	0.371150591
0.988 	-14.1912183	0.746463938	0.371897055
0.989 	-14.19705812	0.73226688	0.372629322
0.990 	-14.28465836	0.717982222	0.373347304
0.991 	-14.13281912	0.703849402	0.374051153
0.992 	-13.81745806	0.690031944	0.374741185
0.993 	-13.59553804	0.676436406	0.375417621
0.994 	-13.35025776	0.663086149	0.376080708
0.995 	-13.01153742	0.650074611	0.376730782
0.996 	-12.60273728	0.637471874	0.377368254
0.997 	-12.0245755	0.625447298	0.377993701
0.998 	-11.5164945	0.613930804	0.378607632
0.999 	-11.07849428	0.60285231	0.379210485
1.000 	-10.73393412	0.592118375	0.379802603
1.001 	-10.45361394	0.581664762	0.380384268
1.002 	-10.23169294	0.571433069	0.380955701
1.003 	-10.038973	0.561394096	0.381517095
1.004 	-9.86961234	0.551524483	0.382068619
1.005 	-9.67105258	0.541853431	0.382610473
1.006 	-9.437452528	0.532415978	0.383142889
1.007 	-9.186331742	0.523229646	0.383666118
1.008 	-8.92937143	0.514300275	0.384180419
1.009 	-8.74833162	0.505551943	0.384685971
1.010 	-8.619851464	0.496932092	0.385182903
1.011 	-8.555611092	0.488376481	0.385671279
1.012 	-8.46801095	0.47990847	0.386151188
1.013 	-8.44465118	0.471463819	0.386622651
1.014 	-8.368730678	0.463095088	0.387085747
1.015 	-8.29865078	0.454796437	0.387540543
1.016 	-8.176010738	0.446620426	0.387987163
1.017 	-8.076730466	0.438543696	0.388425707
1.018 	-7.95993044	0.430583766	0.388856291
1.019 	-7.81393004	0.422769836	0.389279061
1.020 	-7.6212101	0.415148625	0.389694209
1.021 	-7.451849832	0.407696776	0.390101906
1.022 	-7.358409674	0.400338366	0.390502244
1.023 	-7.235769534	0.393102596	0.390895347
1.024 	-7.078089004	0.386024507	0.391281372
1.025 	-6.821128692	0.379203379	0.391660575
1.026 	-6.546648626	0.37265673	0.392033232
1.027 	-6.318888198	0.366337842	0.39239957
1.028 	-6.096967786	0.360240874	0.39275981
1.029 	-5.915927486	0.354324947	0.393114135
1.030 	-5.74072779	0.348584219	0.39346272
1.031 	-5.454567006	0.343129652	0.393805849
1.032 	-5.209286824	0.337920365	0.39414377
1.033 	-5.086646782	0.332833718	0.394476603
1.034 	-4.969846266	0.327863872	0.394804467
1.035 	-4.841366404	0.323022506	0.39512749
1.036 	-4.742086328	0.318280419	0.39544577
1.037 	-4.753766262	0.313526653	0.395759297
1.038 	-4.794646276	0.308732007	0.396068029
1.039 	-4.759606278	0.3039724	0.396372001
1.040 	-4.68368607	0.299288714	0.39667129
1.041 	-4.642806056	0.294645908	0.396965936
1.042 	-4.71288615	0.289933022	0.397255869
1.043 	-4.806326406	0.285126696	0.397540995
1.044 	-4.81800634	0.280308689	0.397821304
1.045 	-4.823846356	0.275484843	0.398096789
1.046 	-4.84720642	0.270637637	0.398367427
1.047 	-4.905606482	0.26573203	0.398633159
1.048 	-4.923126726	0.260808903	0.398893968
1.049 	-4.800486292	0.256008417	0.399149976
1.050 	-4.66616612	0.251342251	0.399401318
1.051 	-4.596085928	0.246746165	0.399648064
1.052 	-4.537685964	0.242208479	0.399890273
1.053 	-4.467605772	0.237740873	0.400128014
1.054 	-4.304085618	0.233436788	0.400361451
1.055 	-4.140565562	0.229296222	0.400590747
1.056 	-3.977045212	0.225319177	0.400816066
1.057 	-3.831045008	0.221488132	0.401037554
1.058 	-3.702564852	0.217785567	0.40125534
1.059 	-3.562404566	0.214223163	0.401469563
1.060 	-3.451444654	0.210771718	0.401680335
1.061 	-3.451444654	0.207320273	0.401887655
1.062 	-3.533204682	0.203787069	0.402091442
1.063 	-3.58576463	0.200201304	0.402291643
1.064 	-3.620804824	0.196580499	0.402488224
1.065 	-3.591604646	0.192988894	0.402681213
1.066 	-3.620804824	0.18936809	0.402870581
1.067 	-3.679204788	0.185688885	0.40305627
1.068 	-3.7551248	0.18193376	0.403238203
1.069 	-3.848565056	0.178085195	0.403416289
1.070 	-3.959525164	0.17412567	0.403590414
1.071 	-3.982885228	0.170142785	0.403760557
1.072 	-4.029605356	0.166113179	0.40392667
1.073 	-4.035445176	0.162077734	0.404088748
1.074 	-3.994565162	0.158083169	0.404246831
1.075 	-3.9361651	0.154147004	0.404400978
1.076 	-3.831045008	0.150315959	0.404551294
1.077 	-3.778484864	0.146537474	0.404697831
1.078 	-3.73760485	0.142799869	0.404840631
1.079 	-3.661684838	0.139138184	0.40497977
1.080 	-3.544884616	0.1355933	0.405115363
1.081 	-3.41640446	0.132176895	0.40524754
1.082 	-3.27624437	0.128900651	0.40537644
1.083 	-3.13024397	0.125770407	0.405502211
1.084 	-2.94336385	0.122827043	0.405625038
1.085 	-2.797363646	0.120029679	0.405745068
1.086 	-2.65720336	0.117372476	0.40586244
1.087 	-2.505363434	0.114867112	0.405977307
1.088 	-2.31848302	0.112548629	0.406089856
1.089 	-2.184162848	0.110364467	0.40620022
1.090 	-2.190002766	0.108174464	0.406308395
1.091 	-2.172482816	0.106001981	0.406414397
1.092 	-2.154962866	0.103847018	0.406518244
1.093 	-2.154962866	0.101692055	0.406619936
1.094 	-2.160802784	0.099531253	0.406719467
1.095 	-2.143282834	0.09738797	0.406816855
1.096 	-2.10240282	0.095285567	0.406912141
1.097 	-2.049842578	0.093235724	0.407005376
1.098 	-2.06152261	0.091174202	0.40709655
1.099 	-2.096562706	0.089077639	0.407185628
1.100 	-2.13744272	0.086940196	0.407272568
1.101 	-2.166642898	0.084773553	0.407357342
1.102 	-2.178322832	0.082595231	0.407439937
1.103 	-2.219202944	0.080376028	0.407520313
1.104 	-2.207522912	0.078168505	0.407598482
1.105 	-2.166642898	0.076001862	0.407674483
1.106 	-2.084882674	0.073916979	0.4077484
1.107 	-2.038162742	0.071878816	0.407820279
1.108 	-1.973922468	0.069904894	0.407890184
1.109 	-1.89216244	0.068012731	0.407958197
1.110 	-1.763682284	0.066249049	0.408024446
1.111 	-1.623522096	0.064625527	0.408089071
1.112 	-1.506721972	0.063118805	0.40815219
1.113 	-1.40160188	0.061717203	0.408213907
1.114 	-1.290641674	0.060426562	0.408274334
1.115 	-1.197201516	0.05922936	0.408333563
1.116 	-1.121281504	0.058108079	0.408391671
1.117 	-1.033681362	0.057074397	0.408448746
1.118 	-0.922721176	0.056151676	0.408504898
1.119 	-0.852641082	0.055299035	0.408560197
1.120 	-0.77672105	0.054522314	0.408614719
1.121 	-0.730000942	0.053792313	0.408668511
1.122 	-0.706640956	0.053085672	0.408721597
1.123 	-0.689120908	0.052396551	0.408773993
1.124 	-0.694960924	0.05170159	0.408825695
1.125 	-0.683280902	0.051018309	0.408876713
1.126 	-0.706640956	0.050311668	0.408927025
1.127 	-0.71832091	0.049593347	0.408976618
1.128 	-0.759201002	0.048834146	0.409025452
1.129 	-0.840961128	0.047993185	0.409073446
1.130 	-0.864321114	0.047128864	0.409120575
1.131 	-0.881841152	0.046247023	0.409166822
1.132 	-0.887681168	0.045359342	0.409212181
1.133 	-0.817601074	0.044541741	0.409256723
1.134 	-0.712480972	0.04382926	0.409300552
1.135 	-0.59568076	0.043233579	0.409343785
1.136 	-0.490560658	0.042743018	0.409386528
1.137 	-0.438000573	0.042305018	0.409428833
1.138 	-0.391280494	0.041913737	0.409470747
1.139 	-0.327040416	0.041586697	0.409512334
1.140 	-0.27448036	0.041312216	0.409553646
1.141 	-0.210240282	0.041101976	0.409594748
1.142 	-0.19856025	0.040903416	0.409635652
1.143 	-0.169360219	0.040734056	0.409676386
1.144 	-0.146000194	0.040588056	0.409716974
1.145 	-0.093440123	0.040494615	0.409757468
1.146 	-0.035040047	0.040459575	0.409797928
1.147 	0.017520024	0.040477095	0.409838405
1.148 	0.029200038	0.040506295	0.409878911
1.149 	-0.017520024	0.040488775	0.4099194
1.150 	-0.052560071	0.040436215	0.409959836
1.151 	-0.087600118	0.040348615	0.410000185
1.152 	-0.087600118	0.040261015	0.410040446
1.153 	-0.140160188	0.040120855	0.410080567
1.154 	-0.1518402	0.039969015	0.410120536
1.155 	-0.204400266	0.039764614	0.4101603
1.156 	-0.1518402	0.039612774	0.410199913
1.157 	-0.169360219	0.039443414	0.410239357
1.158 	-0.116800153	0.039326614	0.410278683
1.159 	-0.075920099	0.039250694	0.410317934
1.160 	-0.058400076	0.039192294	0.410357126
1.161 	-0.075920099	0.039116374	0.410396243
1.162 	-0.046720061	0.039069654	0.410435312
1.163 	0.023360031	0.039093014	0.410474405
1.164 	0	        0.039093014	0.410513498
1.165 	0.040880052	0.039133894	0.410552632
1.166 	0.052560071	0.039186454	0.410591819
1.167 	0.140160188	0.039326614	0.410631145
1.168 	0.297840385	0.039624454	0.41067077
1.169 	0.438000573	0.040062455	0.410710832
1.170 	0.432160557	0.040494615	0.410751327
1.171 	0.443840579	0.040938456	0.410792265
1.172 	0.513920673	0.041452377	0.410833717
1.173 	0.537280698	0.041989657	0.410875707
1.174 	0.584000767	0.042573658	0.410918281
1.175 	0.578160761	0.043151819	0.410961433
1.176 	0.508080667	0.0436599	0.411005093
1.177 	0.467200604	0.0441271	0.41104922
1.178 	0.426320541	0.044553421	0.411093773
1.179 	0.332880432	0.044886301	0.411138659
1.180 	0.221920294	0.045108221	0.411183768
1.181 	0.19856025	0.045306782	0.411229074
1.182 	0.058400076	0.045365182	0.41127444
1.183 	0.005840008	0.045371022	0.411319811
1.184 	-0.052560071	0.045318462	0.411365129
1.185 	-0.1518402	0.045166621	0.411410296
1.186 	-0.233600297	0.044933021	0.411455229
1.187 	-0.321200439	0.044611821	0.41149984
1.188 	-0.379600501	0.04423222	0.411544073
1.189 	-0.373760485	0.04385846	0.411587931
1.190 	-0.286160372	0.043572299	0.411631503
1.191 	-0.262800357	0.043309499	0.411674813
1.192 	-0.204400266	0.043105099	0.411717918
1.193 	-0.204400266	0.042900698	0.411760819
1.194 	-0.245280329	0.042655418	0.411803474
1.195 	-0.233600297	0.042421818	0.411845896
1.196 	-0.19856025	0.042223258	0.411888119
1.197 	-0.175200235	0.042048057	0.411930167
1.198 	-0.110960147	0.041937097	0.411972104
1.199 	0.023360031	0.041960457	0.412014065
1.200 	0.140160188	0.042100617	0.412056165
1.201 	0.216080278	0.042316698	0.412098482
1.202 	0.286160372	0.042602858	0.412141085
1.203 	0.292000388	0.042894858	0.41218398
1.204 	0.239440313	0.043134299	0.412227114
1.205 	0.251120325	0.043385419	0.4122705
1.206 	0.186880247	0.043572299	0.412314072
1.207 	0.110960147	0.04368326	0.412357755
1.208 	0.046720061	0.04372998	0.412401485
1.209 	-0.058400076	0.04367158	0.412445157
1.210 	-0.192720263	0.043478859	0.412488636
1.211 	-0.27448036	0.043204379	0.41253184
1.212 	-0.332880432	0.042871498	0.412574711
1.213 	-0.414640548	0.042456858	0.412617168
1.214 	-0.379600501	0.042077257	0.412659246
1.215 	-0.367920479	0.041709337	0.412700955
1.216 	-0.426320541	0.041283016	0.412742238
1.217 	-0.432160557	0.040850856	0.412783089
1.218 	-0.484720642	0.040366135	0.412823455
1.219 	-0.554800736	0.039811334	0.412863266
1.220 	-0.589840783	0.039221494	0.412902488
1.221 	-0.508080667	0.038713413	0.412941201
1.222 	-0.490560658	0.038222852	0.412979424
1.223 	-0.455520611	0.037767332	0.413017191
1.224 	-0.35040047	0.037416931	0.413054608
1.225 	-0.315360423	0.037101571	0.41309171
1.226 	-0.210240282	0.036891331	0.413128601
1.227 	-0.122640169	0.03676869	0.41316537
1.228 	-0.058400076	0.03671029	0.41320208
1.229 	-0.064240085	0.03664605	0.413238726
1.230 	0.023360031	0.03666941	0.413275396
1.231 	0.116800153	0.03678621	0.413312182
1.232 	0.116800153	0.036903011	0.413349085
1.233 	0.169360219	0.037072371	0.413386157
1.234 	0.140160188	0.037212531	0.41342337
1.235 	0.099280125	0.037311811	0.413460682
1.236 	0.064240085	0.037376051	0.413498058
1.237 	-0.023360031	0.037352691	0.41353541
1.238 	-0.221920294	0.037130771	0.413572541
1.239 	-0.513920673	0.03661685	0.413609158
1.240 	-1.208881548	0.035407969	0.413644566
1.241 	-2.160802784	0.033247166	0.413677813
1.242 	-2.920003786	0.030327162	0.41370814
1.243 	-3.439764524	0.026887398	0.413735028
1.244 	-3.871925022	0.023015473	0.413758043
1.245 	-4.333285796	0.018682187	0.413776725
1.246 	-4.67784625	0.01400434	0.41379073
1.247 	-4.68368607	0.009320654	0.41380005
1.248 	-4.298245602	0.005022409	0.413805073
1.249 	-3.7551248	0.001267284	0.41380634
1.250 	-3.252884306	-0.0019856	0.413804354
1.251 	-2.738963682	-0.004724564	0.41379963
1.252 	-2.19584288	-0.006920407	0.413792709
1.253 	-1.617682178	-0.008538089	0.413784171
1.254 	-1.045361394	-0.00958345	0.413774588
1.255 	-0.619040814	-0.010202491	0.413764385
1.256 	-0.315360423	-0.010517852	0.413753868
1.257 	-0.052560071	-0.010570412	0.413743297
1.258 	0.163520203	-0.010406892	0.41373289
1.259 	0.315360423	-0.010091531	0.413722799
1.260 	0.338720438	-0.009752811	0.413713046
1.261 	0.292000388	-0.00946081	0.413703585
1.262 	0.146000194	-0.00931481	0.41369427
1.263 	-0.105120141	-0.00941993	0.41368485
1.264 	-0.414640548	-0.009834571	0.413675016
1.265 	-0.811761058	-0.010646332	0.413664369
1.266 	-1.243921546	-0.011890253	0.413652479
1.267 	-1.658562192	-0.013548816	0.41363893
1.268 	-2.008962564	-0.015557778	0.413623373
1.269 	-2.27176299	-0.017829541	0.413605543
1.270 	-2.476163256	-0.020305704	0.413585237
1.271 	-2.592963282	-0.022898668	0.413562339
1.272 	-2.628003476	-0.025526671	0.413536812
1.273 	-2.505363434	-0.028032035	0.41350878
1.274 	-2.254242844	-0.030286277	0.413478494
1.275 	-1.880482408	-0.03216676	0.413446327
1.276 	-1.349041834	-0.033515802	0.413412811
1.277 	-0.683280902	-0.034199083	0.413378612
1.278 	0.023360031	-0.034175723	0.413344436
1.279 	0.677440886	-0.033498282	0.413310938
1.280 	1.243921546	-0.03225436	0.413278684
1.281 	1.693602288	-0.030560758	0.413248123
1.282 	1.962242632	-0.028598515	0.413219524
1.283 	2.038162742	-0.026560352	0.413192964
1.284 	1.997282532	-0.02456307	0.413168401
1.285 	1.96808255	-0.022594987	0.413145806
1.286 	1.933042454	-0.020661945	0.413125144
1.287 	1.956402518	-0.018705542	0.413106438
1.288 	1.915522504	-0.01679002	0.413089648
1.289 	1.822082444	-0.014967937	0.413074681
1.290 	1.687762174	-0.013280175	0.4130614
1.291 	1.57096205	-0.011709213	0.413049691
1.292 	1.43664178	-0.010272571	0.413039419
1.293 	1.284801756	-0.00898777	0.413030431
1.294 	1.109601472	-0.007878168	0.413022553
1.295 	0.911041222	-0.006967127	0.413015586
1.296 	0.753360996	-0.006213766	0.413009372
1.297 	0.59568076	-0.005618085	0.413003754
1.298 	0.449680595	-0.005168405	0.412998585
1.299 	0.309520407	-0.004858884	0.412993726
1.300 	0.210240282	-0.004648644	0.412989078
1.301 	0.175200235	-0.004473444	0.412984604
1.302 	0.19856025	-0.004274883	0.412980329
1.303 	0.239440313	-0.004035443	0.412976294
1.304 	0.321200439	-0.003714243	0.41297258
1.305 	0.426320541	-0.003287922	0.412969292
1.306 	0.572320745	-0.002715601	0.412966576
1.307 	0.71832091	-0.001997281	0.412964579
1.308 	0.79424102	-0.001203039	0.412963376
1.309 	0.864321114	-0.000338718	0.412963037
1.310 	0.858481098	0.000519763	0.412963557
1.311 	0.835121112	0.001354884	0.412964912
1.312 	0.811761058	0.002166645	0.412967078
1.313 	0.730000942	0.002896646	0.412969975
1.314 	0.642400878	0.003539047	0.412973514
1.315 	0.47304062	0.004012087	0.412977526
1.316 	0.292000388	0.004304088	0.41298183
1.317 	0.110960147	0.004415048	0.412986245
1.318 	-0.081760103	0.004333288	0.412990579
1.319 	-0.303680391	0.004029607	0.412994608
1.320 	-0.519760689	0.003509847	0.412998118
1.321 	-0.730000942	0.002779846	0.413000898
1.322 	-0.951921246	0.001827924	0.413002726
1.323 	-1.17384155	0.000654083	0.41300338
1.324 	-1.372401702	-0.000718319	0.413002662
1.325 	-1.535921954	-0.002254241	0.413000407
1.326 	-1.64688216	-0.003901123	0.412996506
1.327 	-1.658562192	-0.005559685	0.412990947
1.328 	-1.652722078	-0.007212407	0.412983734
1.329 	-1.606002146	-0.008818409	0.412974916
1.330 	-1.49504194	-0.010313451	0.412964602
1.331 	-1.32568177	-0.011639133	0.412952963
1.332 	-1.138801454	-0.012777934	0.412940185
1.333 	-1.010321298	-0.013788256	0.412926397
1.334 	-0.864321114	-0.014652577	0.412911744
1.335 	-0.730000942	-0.015382578	0.412896362
1.336 	-0.554800736	-0.015937379	0.412880424
1.337 	-0.426320541	-0.016363699	0.412864061
1.338 	-0.309520407	-0.016673219	0.412847388
1.339 	-0.210240282	-0.01688346	0.412830504
1.340 	-0.192720263	-0.01707618	0.412813428
1.341 	-0.19856025	-0.01727474	0.412796153
1.342 	-0.221920294	-0.017496661	0.412778657
1.343 	-0.268640344	-0.017765301	0.412760891
1.344 	-0.268640344	-0.018033941	0.412742857
1.345 	-0.292000388	-0.018325942	0.412724531
1.346 	-0.309520407	-0.018635462	0.412705896
1.347 	-0.297840385	-0.018933302	0.412686963
1.348 	-0.286160372	-0.019219463	0.412667743
1.349 	-0.268640344	-0.019488103	0.412648255
1.350 	-0.262800357	-0.019750904	0.412628504
1.351 	-0.245280329	-0.019996184	0.412608508
1.352 	-0.186880247	-0.020183064	0.412588325
1.353 	-0.116800153	-0.020299864	0.412568025
1.354 	0.011680015	-0.020288184	0.412547737
1.355 	0.140160188	-0.020148024	0.412527589
1.356 	0.292000388	-0.019856024	0.412507733
1.357 	0.402960526	-0.019453063	0.41248828
1.358 	0.496400635	-0.018956663	0.412469323
1.359 	0.59568076	-0.018360982	0.412450962
1.360 	0.730000942	-0.017630981	0.412433331
1.361 	0.817601074	-0.01681338	0.412416518
1.362 	0.922721176	-0.015890659	0.412400627
1.363 	1.02200133	-0.014868657	0.412385758
1.364 	1.103761456	-0.013764896	0.412371993
1.365 	1.121281504	-0.012643614	0.41235935
1.366 	1.162161518	-0.011481453	0.412347868
1.367 	1.103761456	-0.010377691	0.412337491
1.368 	1.045361394	-0.00933233	0.412328158
1.369 	0.957761262	-0.008374569	0.412319784
1.370 	0.876001136	-0.007498567	0.412312285
1.371 	0.770881034	-0.006727686	0.412305558
1.372 	0.694960924	-0.006032726	0.412299525
1.373 	0.601520776	-0.005431205	0.412294094
1.374 	0.496400635	-0.004934804	0.412289159
1.375 	0.39712051	-0.004537684	0.412284621
1.376 	0.332880432	-0.004204803	0.412280416
1.377 	0.27448036	-0.003930323	0.412276486
1.378 	0.221920294	-0.003708403	0.412272778
1.379 	0.146000194	-0.003562402	0.412269215
1.380 	0.093440123	-0.003468962	0.412265746
1.381 	0.070080094	-0.003398882	0.412262347
1.382 	0.023360031	-0.003375522	0.412258972
1.383 	0	        -0.003375522	0.412255596
1.384 	-0.035040047	-0.003410562	0.412252186
1.385 	-0.081760103	-0.003492322	0.412248693
1.386 	-0.122640169	-0.003614962	0.412245078
1.387 	-0.175200235	-0.003790163	0.412241288
1.388 	-0.204400266	-0.003994563	0.412237294
1.389 	-0.221920294	-0.004216483	0.412233077
1.390 	-0.216080278	-0.004432563	0.412228645
1.391 	-0.19856025	-0.004631124	0.412224014
1.392 	-0.192720263	-0.004823844	0.41221919
1.393 	-0.221920294	-0.005045764	0.412214144
1.394 	-0.245280329	-0.005291045	0.412208853
1.395 	-0.292000388	-0.005583045	0.41220327
1.396 	-0.344560454	-0.005927605	0.412197342
1.397 	-0.467200604	-0.006394806	0.412190947
1.398 	-0.554800736	-0.006949607	0.412183998
1.399 	-0.665760854	-0.007615368	0.412176382
1.400 	-0.724160926	-0.008339529	0.412168043
1.401 	-0.817601074	-0.00915713	0.412158886
1.402 	-0.858481098	-0.010015611	0.41214887
1.403 	-0.876001136	-0.010891612	0.412137979
1.404 	-0.876001136	-0.011767613	0.412126211
1.405 	-0.840961128	-0.012608574	0.412113602
1.406 	-0.765041018	-0.013373615	0.412100229
1.407 	-0.67160087	-0.014045216	0.412086184
1.408 	-0.572320745	-0.014617537	0.412071566
1.409 	-0.455520611	-0.015073057	0.412056493
1.410 	-0.356240486	-0.015429298	0.412041064
1.411 	-0.286160372	-0.015715458	0.412025348
1.412 	-0.22776031	-0.015943219	0.412009405
1.413 	-0.181040231	-0.016124259	0.411993281
1.414 	-0.140160188	-0.016264419	0.411977016
1.415 	-0.099280125	-0.016363699	0.411960653
1.416 	-0.046720061	-0.016410419	0.411944242
1.417 	0.023360031	-0.016387059	0.411927855
1.418 	0.099280125	-0.016287779	0.411911567
1.419 	0.163520203	-0.016124259	0.411895443
1.420 	0.186880247	-0.015937379	0.411879506
1.421 	0.221920294	-0.015715458	0.41186379
1.422 	0.22776031	-0.015487698	0.411848303
1.423 	0.251120325	-0.015236578	0.411833066
1.424 	0.262800357	-0.014973777	0.411818092
1.425 	0.245280329	-0.014728497	0.411803364
1.426 	0.233600297	-0.014494897	0.411788869
1.427 	0.245280329	-0.014249616	0.411774619
1.428 	0.251120325	-0.013998496	0.411760621
1.429 	0.245280329	-0.013753216	0.411746868
1.430 	0.27448036	-0.013478735	0.411733389
1.431 	0.297840385	-0.013180895	0.411720208
1.432 	0.321200439	-0.012859694	0.411707348
1.433 	0.367920479	-0.012491774	0.411694856
1.434 	0.408800532	-0.012082973	0.411682773
1.435 	0.426320541	-0.011656653	0.411671117
1.436 	0.461360588	-0.011195292	0.411659921
1.437 	0.502240651	-0.010693052	0.411649228
1.438 	0.519760689	-0.010173291	0.411639055
1.439 	0.513920673	-0.00965937	0.411629396
1.440 	0.496400635	-0.00916297	0.411620233
1.441 	0.47304062	-0.008689929	0.411611543
1.442 	0.461360588	-0.008228568	0.411603314
1.443 	0.461360588	-0.007767208	0.411595547
1.444 	0.449680595	-0.007317527	0.41158823
1.445 	0.414640548	-0.006902887	0.411581327
1.446 	0.373760485	-0.006529126	0.411574798
1.447 	0.315360423	-0.006213766	0.411568584
1.448 	0.256960341	-0.005956806	0.411562627
1.449 	0.181040231	-0.005775765	0.411556851
1.450 	0.105120141	-0.005670645	0.411551181
1.451 	0.058400076	-0.005612245	0.411545568
1.452 	0.017520024	-0.005594725	0.411539974
1.453 	-0.005840008	-0.005600565	0.411534373
1.454 	-0.064240085	-0.005664805	0.411528708
1.455 	-0.134320172	-0.005799125	0.411522909
1.456 	-0.19856025	-0.005997686	0.411516911
1.457 	-0.233600297	-0.006231286	0.41151068
1.458 	-0.268640344	-0.006499926	0.41150418
1.459 	-0.303680391	-0.006803607	0.411497377
1.460 	-0.321200439	-0.007124807	0.411490252
1.461 	-0.35040047	-0.007475207	0.411482777
1.462 	-0.367920479	-0.007843128	0.411474933
1.463 	-0.39712051	-0.008240248	0.411466693
1.464 	-0.402960526	-0.008643209	0.41145805
1.465 	-0.443840579	-0.00908705	0.411448963
1.466 	-0.461360588	-0.00954841	0.411439415
1.467 	-0.461360588	-0.010009771	0.411429405
1.468 	-0.47304062	-0.010482811	0.411418922
1.469 	-0.449680595	-0.010932492	0.411407989
1.470 	-0.443840579	-0.011376333	0.411396613
1.471 	-0.432160557	-0.011808493	0.411384805
1.472 	-0.402960526	-0.012211454	0.411372593
1.473 	-0.362080463	-0.012573534	0.41136002
1.474 	-0.344560454	-0.012918095	0.411347102
1.475 	-0.309520407	-0.013227615	0.411333874
1.476 	-0.268640344	-0.013496255	0.411320378
1.477 	-0.245280329	-0.013741536	0.411306636
1.478 	-0.221920294	-0.013963456	0.411292673
1.479 	-0.19856025	-0.014162016	0.411278511
1.480 	-0.192720263	-0.014354736	0.411264156
1.481 	-0.175200235	-0.014529937	0.411249626
1.482 	-0.157680216	-0.014687617	0.411234938
1.483 	-0.134320172	-0.014821937	0.411220116
1.484 	-0.116800153	-0.014938737	0.411205178
1.485 	-0.064240085	-0.015002977	0.411190175
1.486 	-0.017520024	-0.015020497	0.411175154
1.487 	0.035040047	-0.014985457	0.411160169
1.488 	0.087600118	-0.014897857	0.411145271
1.489 	0.122640169	-0.014775217	0.411130496
1.490 	0.146000194	-0.014629217	0.411115867
1.491 	0.175200235	-0.014454017	0.411101412
1.492 	0.216080278	-0.014237936	0.411087175
1.493 	0.256960341	-0.013980976	0.411073194
1.494 	0.280320376	-0.013700656	0.411059493
1.495 	0.327040416	-0.013373615	0.411046119
1.496 	0.332880432	-0.013040735	0.411033079
1.497 	0.356240486	-0.012684494	0.411020394
1.498 	0.391280494	-0.012293214	0.411008101
1.499 	0.39712051	-0.011896093	0.410996205
1.500 	0.385440517	-0.011510653	0.410984694
1.501 	0.391280494	-0.011119372	0.410973575
1.502 	0.356240486	-0.010763132	0.410962812
1.503 	0.35040047	-0.010412731	0.410952399
1.504 	0.327040416	-0.010085691	0.410942313
1.505 	0.303680391	-0.00978201	0.410932531
1.506 	0.292000388	-0.00949001	0.410923041
1.507 	0.245280329	-0.00924473	0.410913796
1.508 	0.22776031	-0.009016969	0.410904779
1.509 	0.221920294	-0.008795049	0.410895984
1.510 	0.204400266	-0.008590649	0.410887394
1.511 	0.169360219	-0.008421289	0.410878972
1.512 	0.163520203	-0.008257768	0.410870715
1.513 	0.128480166	-0.008129288	0.410862585
1.514 	0.093440123	-0.008035848	0.41085455
1.515 	0.040880052	-0.007994968	0.410846555
1.516 	0.023360031	-0.007971608	0.410838583
1.517 	0.029200038	-0.007942408	0.410830641
1.518 	0.017520024	-0.007924888	0.410822716
1.519 	0.011680015	-0.007913208	0.410814803
1.520 	-0.011680015	-0.007924888	0.410806878
1.521 	-0.011680015	-0.007936568	0.410798941
1.522 	-0.029200038	-0.007965768	0.410790975
1.523 	-0.017520024	-0.007983288	0.410782992
1.524 	-0.070080094	-0.008053368	0.410774939
1.525 	-0.087600118	-0.008140968	0.410766798
1.526 	-0.163520203	-0.008304489	0.410758493
1.527 	-0.19856025	-0.008503049	0.41074999
1.528 	-0.216080278	-0.008719129	0.410741271
1.529 	-0.245280329	-0.008964409	0.410732307
1.530 	-0.251120325	-0.00921553	0.410723091
1.531 	-0.27448036	-0.00949001	0.410713601
1.532 	-0.268640344	-0.00975865	0.410703842
1.533 	-0.297840385	-0.010056491	0.410693786
1.534 	-0.327040416	-0.010383531	0.410683402
1.535 	-0.327040416	-0.010710572	0.410672692
1.536 	-0.332880432	-0.011043452	0.410661648
1.537 	-0.356240486	-0.011399693	0.410650249
1.538 	-0.344560454	-0.011744253	0.410638504
1.539 	-0.35040047	-0.012094653	0.41062641
1.540 	-0.344560454	-0.012439214	0.410613971
1.541 	-0.338720438	-0.012777934	0.410601193
1.542 	-0.315360423	-0.013093295	0.410588099
1.543 	-0.297840385	-0.013391135	0.410574708
1.544 	-0.297840385	-0.013688976	0.410561019
1.545 	-0.309520407	-0.013998496	0.410547021
1.546 	-0.286160372	-0.014284656	0.410532736
1.547 	-0.233600297	-0.014518257	0.410518218
1.548 	-0.186880247	-0.014705137	0.410503513
1.549 	-0.1518402	-0.014856977	0.410488656
1.550 	-0.116800153	-0.014973777	0.410473682
1.551 	-0.093440123	-0.015067217	0.410458615
1.552 	-0.064240085	-0.015131457	0.410443483
1.553 	-0.035040047	-0.015166497	0.410428317
1.554 	0	        -0.015166497	0.41041315
1.555 	0.011680015	-0.015154817	0.410397995
1.556 	0.046720061	-0.015108097	0.410382887
1.557 	0.075920099	-0.015032177	0.410367855
1.558 	0.087600118	-0.014944577	0.410352911
1.559 	0.122640169	-0.014821937	0.410338089
1.560 	0.163520203	-0.014658417	0.41032343
1.561 	0.22776031	-0.014430656	0.410309
1.562 	0.303680391	-0.014126976	0.410294873
1.563 	0.332880432	-0.013794096	0.410281078
1.564 	0.332880432	-0.013461215	0.410267617
1.565 	0.385440517	-0.013075775	0.410254541
1.566 	0.362080463	-0.012713694	0.410241828
1.567 	0.391280494	-0.012322414	0.410229505
1.568 	0.414640548	-0.011907773	0.410217598
1.569 	0.379600501	-0.011528173	0.410206069
1.570 	0.367920479	-0.011160252	0.410194909
1.571 	0.321200439	-0.010839052	0.41018407
1.572 	0.286160372	-0.010552891	0.410173517
1.573 	0.245280329	-0.010307611	0.41016321
1.574 	0.233600297	-0.010074011	0.410153136
1.575 	0.192720263	-0.009881291	0.410143254
1.576 	0.140160188	-0.00974113	0.410133513
1.577 	0.099280125	-0.00964185	0.410123871
1.578 	0.087600118	-0.00955425	0.410114317
1.579 	0.081760103	-0.00947249	0.410104845
1.580 	0.064240085	-0.00940825	0.410095436
1.581 	0.064240085	-0.00934401	0.410086092
1.582 	0.052560071	-0.00929145	0.410076801
1.583 	0.029200038	-0.00926225	0.410067539
1.584 	0.035040047	-0.00922721	0.410058311
1.585 	0.040880052	-0.00918633	0.410049125
1.586 	0.040880052	-0.00914545	0.41003998
1.587 	0.035040047	-0.00911041	0.410030869
1.588 	0.011680015	-0.00909873	0.410021771
1.589 	-0.011680015	-0.00911041	0.41001266
1.590 	-0.058400076	-0.00916881	0.410003491
1.591 	-0.081760103	-0.00925057	0.409994241
1.592 	-0.105120141	-0.00935569	0.409984885
1.593 	-0.105120141	-0.00946081	0.409975424
1.594 	-0.087600118	-0.00954841	0.409965876
1.595 	-0.1518402	-0.00970025	0.409956176
1.596 	-0.175200235	-0.009875451	0.4099463
1.597 	-0.19856025	-0.010074011	0.409936226
1.598 	-0.210240282	-0.010284251	0.409925942
